-2.099223E-04
1.028455E-04
-2.233364E-04
1.181217E-04
3.658240E-05
1.098418E-05
5.719049E-04
2.127439E-04
1.981090E-04
-8.179434E-04
-1.169725E-04
9.467232E-05
-5.060171E-04
1.395663E-03
3.818888E-06
-1.889187E-04
-4.663983E-04
3.335492E-04
-1.476745E-03
3.183086E-03
-1.712442E-04
-4.629459E-04
-1.187305E-04
4.357379E-04
-1.666154E-03
1.689304E-03
1.011772E-04
-9.638939E-05
-8.401586E-04
-1.704368E-04
7.223005E-03
-4.948016E-03
2.536579E-04
-1.265459E-04
1.146842E-03
1.145903E-04
-1.666154E-03
-2.059114E-03
1.011772E-04
5.134662E-04
3.859643E-04
9.578188E-05
-1.476745E-03
-3.517844E-04
-1.712442E-04
6.316258E-04
4.065115E-05
-2.495861E-04
-5.060171E-04
-5.765114E-05
3.818888E-06
-1.626341E-04
6.669589E-05
6.742893E-05
5.719049E-04
-5.813029E-04
1.981090E-04
5.307891E-04
-6.121317E-07
-3.682715E-04
-2.099223E-04
1.028455E-04
-2.233364E-04
1.181217E-04
3.658240E-05
1.098418E-05
2.464173E-19
-3.469866E-04
-1.240097E-20
5.247752E-05
3.305593E-05
-5.281545E-05
4.489924E-04
-4.881787E-04
8.972174E-05
3.171874E-04
-2.162973E-04
-1.696767E-04
3.192017E-04
7.444747E-04
-2.048508E-04
-3.375177E-04
-2.006057E-04
-1.186803E-04
-2.006847E-03
2.979465E-03
2.835495E-05
-6.744954E-04
-4.973898E-04
-8.186078E-05
-7.310390E-03
5.550321E-04
2.661529E-04
1.939764E-04
-2.772133E-04
7.548012E-06
1.668141E-03
1.806012E-04
-8.290455E-04
-3.894749E-05
7.310390E-03
1.663881E-03
-2.661529E-04
-1.303096E-04
-5.933871E-04
-2.414064E-04
2.006847E-03
-7.323362E-05
-2.835495E-05
-1.947042E-04
-4.447940E-05
-1.119961E-05
-3.192017E-04
-5.722166E-04
2.048508E-04
3.505414E-04
-1.539220E-04
-2.080226E-04
-4.489924E-04
-9.133491E-04
-8.972174E-05
6.008670E-04
6.357542E-05
-3.486614E-04
-2.464173E-19
-3.469866E-04
1.240097E-20
5.247752E-05
3.305593E-05
-5.281545E-05
